32 2000 5000000 2 1.0 0.2 0.0
32 2000 5000000 4 1.0 0.2 0.0
32 2000 5000000 6 1.0 0.2 0.0
32 2000 5000000 8 1.0 0.2 0.0
32 2000 5000000 10 1.0 0.2 0.0
32 2000 5000000 12 1.0 0.2 0.0
32 2000 5000000 14 1.0 0.2 0.0
32 2000 5000000 16 1.0 0.2 0.0
32 2000 5000000 18 1.0 0.2 0.0
32 2000 5000000 20 1.0 0.2 0.0
32 2000 5000000 22 1.0 0.2 0.0
32 2000 5000000 24 1.0 0.2 0.0
32 2000 5000000 26 1.0 0.2 0.0
32 2000 5000000 28 1.0 0.2 0.0
32 2000 5000000 30 1.0 0.2 0.0
32 2000 5000000 32 1.0 0.2 0.0
32 2000 5000000 2 1.0 0.2 0.5
32 2000 5000000 4 1.0 0.2 0.5
32 2000 5000000 6 1.0 0.2 0.5
32 2000 5000000 8 1.0 0.2 0.5
32 2000 5000000 10 1.0 0.2 0.5
32 2000 5000000 12 1.0 0.2 0.5
32 2000 5000000 14 1.0 0.2 0.5
32 2000 5000000 16 1.0 0.2 0.5
32 2000 5000000 18 1.0 0.2 0.5
32 2000 5000000 20 1.0 0.2 0.5
32 2000 5000000 22 1.0 0.2 0.5
32 2000 5000000 24 1.0 0.2 0.5
32 2000 5000000 26 1.0 0.2 0.5
32 2000 5000000 28 1.0 0.2 0.5
32 2000 5000000 30 1.0 0.2 0.5
32 2000 5000000 32 1.0 0.2 0.5
32 2000 5000000 2 1.0 0.2 0.25
32 2000 5000000 4 1.0 0.2 0.25
32 2000 5000000 6 1.0 0.2 0.25
32 2000 5000000 8 1.0 0.2 0.25
32 2000 5000000 10 1.0 0.2 0.25
32 2000 5000000 12 1.0 0.2 0.25
32 2000 5000000 14 1.0 0.2 0.25
32 2000 5000000 16 1.0 0.2 0.25
32 2000 5000000 18 1.0 0.2 0.25
32 2000 5000000 20 1.0 0.2 0.25
32 2000 5000000 22 1.0 0.2 0.25
32 2000 5000000 24 1.0 0.2 0.25
32 2000 5000000 26 1.0 0.2 0.25
32 2000 5000000 28 1.0 0.2 0.25
32 2000 5000000 30 1.0 0.2 0.25
32 2000 5000000 32 1.0 0.2 0.25
32 2000 5000000 2 1.0 0.2 0.75
32 2000 5000000 4 1.0 0.2 0.75
32 2000 5000000 6 1.0 0.2 0.75
32 2000 5000000 8 1.0 0.2 0.75
32 2000 5000000 10 1.0 0.2 0.75
32 2000 5000000 12 1.0 0.2 0.75
32 2000 5000000 14 1.0 0.2 0.75
32 2000 5000000 16 1.0 0.2 0.75
32 2000 5000000 18 1.0 0.2 0.75
32 2000 5000000 20 1.0 0.2 0.75
32 2000 5000000 22 1.0 0.2 0.75
32 2000 5000000 24 1.0 0.2 0.75
32 2000 5000000 26 1.0 0.2 0.75
32 2000 5000000 28 1.0 0.2 0.75
32 2000 5000000 30 1.0 0.2 0.75
32 2000 5000000 32 1.0 0.2 0.75
32 2000 5000000 2 1.0 0.2 1.0
32 2000 5000000 4 1.0 0.2 1.0
32 2000 5000000 6 1.0 0.2 1.0
32 2000 5000000 8 1.0 0.2 1.0
32 2000 5000000 10 1.0 0.2 1.0
32 2000 5000000 12 1.0 0.2 1.0
32 2000 5000000 14 1.0 0.2 1.0
32 2000 5000000 16 1.0 0.2 1.0
32 2000 5000000 18 1.0 0.2 1.0
32 2000 5000000 20 1.0 0.2 1.0
32 2000 5000000 22 1.0 0.2 1.0
32 2000 5000000 24 1.0 0.2 1.0
32 2000 5000000 26 1.0 0.2 1.0
32 2000 5000000 28 1.0 0.2 1.0
32 2000 5000000 30 1.0 0.2 1.0
32 2000 5000000 32 1.0 0.2 1.0
32 2000 5000000 2 1.0 0.2 -0.5
32 2000 5000000 4 1.0 0.2 -0.5
32 2000 5000000 6 1.0 0.2 -0.5
32 2000 5000000 8 1.0 0.2 -0.5
32 2000 5000000 10 1.0 0.2 -0.5
32 2000 5000000 12 1.0 0.2 -0.5
32 2000 5000000 14 1.0 0.2 -0.5
32 2000 5000000 16 1.0 0.2 -0.5
32 2000 5000000 18 1.0 0.2 -0.5
32 2000 5000000 20 1.0 0.2 -0.5
32 2000 5000000 22 1.0 0.2 -0.5
32 2000 5000000 24 1.0 0.2 -0.5
32 2000 5000000 26 1.0 0.2 -0.5
32 2000 5000000 28 1.0 0.2 -0.5
32 2000 5000000 30 1.0 0.2 -0.5
32 2000 5000000 32 1.0 0.2 -0.5
32 2000 5000000 2 1.0 0.2 -0.25
32 2000 5000000 4 1.0 0.2 -0.25
32 2000 5000000 6 1.0 0.2 -0.25
32 2000 5000000 8 1.0 0.2 -0.25
32 2000 5000000 10 1.0 0.2 -0.25
32 2000 5000000 12 1.0 0.2 -0.25
32 2000 5000000 14 1.0 0.2 -0.25
32 2000 5000000 16 1.0 0.2 -0.25
32 2000 5000000 18 1.0 0.2 -0.25
32 2000 5000000 20 1.0 0.2 -0.25
32 2000 5000000 22 1.0 0.2 -0.25
32 2000 5000000 24 1.0 0.2 -0.25
32 2000 5000000 26 1.0 0.2 -0.25
32 2000 5000000 28 1.0 0.2 -0.25
32 2000 5000000 30 1.0 0.2 -0.25
32 2000 5000000 32 1.0 0.2 -0.25
32 2000 5000000 2 1.0 0.2 -0.75
32 2000 5000000 4 1.0 0.2 -0.75
32 2000 5000000 6 1.0 0.2 -0.75
32 2000 5000000 8 1.0 0.2 -0.75
32 2000 5000000 10 1.0 0.2 -0.75
32 2000 5000000 12 1.0 0.2 -0.75
32 2000 5000000 14 1.0 0.2 -0.75
32 2000 5000000 16 1.0 0.2 -0.75
32 2000 5000000 18 1.0 0.2 -0.75
32 2000 5000000 20 1.0 0.2 -0.75
32 2000 5000000 22 1.0 0.2 -0.75
32 2000 5000000 24 1.0 0.2 -0.75
32 2000 5000000 26 1.0 0.2 -0.75
32 2000 5000000 28 1.0 0.2 -0.75
32 2000 5000000 30 1.0 0.2 -0.75
32 2000 5000000 32 1.0 0.2 -0.75
32 2000 5000000 2 1.0 0.2 -1.0
32 2000 5000000 4 1.0 0.2 -1.0
32 2000 5000000 6 1.0 0.2 -1.0
32 2000 5000000 8 1.0 0.2 -1.0
32 2000 5000000 10 1.0 0.2 -1.0
32 2000 5000000 12 1.0 0.2 -1.0
32 2000 5000000 14 1.0 0.2 -1.0
32 2000 5000000 16 1.0 0.2 -1.0
32 2000 5000000 18 1.0 0.2 -1.0
32 2000 5000000 20 1.0 0.2 -1.0
32 2000 5000000 22 1.0 0.2 -1.0
32 2000 5000000 24 1.0 0.2 -1.0
32 2000 5000000 26 1.0 0.2 -1.0
32 2000 5000000 28 1.0 0.2 -1.0
32 2000 5000000 30 1.0 0.2 -1.0
32 2000 5000000 32 1.0 0.2 -1.0
32 2000 5000000 2 1.0 0.2 -0.625
32 2000 5000000 4 1.0 0.2 -0.625
32 2000 5000000 6 1.0 0.2 -0.625
32 2000 5000000 8 1.0 0.2 -0.625
32 2000 5000000 10 1.0 0.2 -0.625
32 2000 5000000 12 1.0 0.2 -0.625
32 2000 5000000 14 1.0 0.2 -0.625
32 2000 5000000 16 1.0 0.2 -0.625
32 2000 5000000 18 1.0 0.2 -0.625
32 2000 5000000 20 1.0 0.2 -0.625
32 2000 5000000 22 1.0 0.2 -0.625
32 2000 5000000 24 1.0 0.2 -0.625
32 2000 5000000 26 1.0 0.2 -0.625
32 2000 5000000 28 1.0 0.2 -0.625
32 2000 5000000 30 1.0 0.2 -0.625
32 2000 5000000 32 1.0 0.2 -0.625
32 2000 5000000 2 1.0 0.2 -0.375
32 2000 5000000 4 1.0 0.2 -0.375
32 2000 5000000 6 1.0 0.2 -0.375
32 2000 5000000 8 1.0 0.2 -0.375
32 2000 5000000 10 1.0 0.2 -0.375
32 2000 5000000 12 1.0 0.2 -0.375
32 2000 5000000 14 1.0 0.2 -0.375
32 2000 5000000 16 1.0 0.2 -0.375
32 2000 5000000 18 1.0 0.2 -0.375
32 2000 5000000 20 1.0 0.2 -0.375
32 2000 5000000 22 1.0 0.2 -0.375
32 2000 5000000 24 1.0 0.2 -0.375
32 2000 5000000 26 1.0 0.2 -0.375
32 2000 5000000 28 1.0 0.2 -0.375
32 2000 5000000 30 1.0 0.2 -0.375
32 2000 5000000 32 1.0 0.2 -0.375
32 2000 5000000 2 1.0 0.2 0.375
32 2000 5000000 4 1.0 0.2 0.375
32 2000 5000000 6 1.0 0.2 0.375
32 2000 5000000 8 1.0 0.2 0.375
32 2000 5000000 10 1.0 0.2 0.375
32 2000 5000000 12 1.0 0.2 0.375
32 2000 5000000 14 1.0 0.2 0.375
32 2000 5000000 16 1.0 0.2 0.375
32 2000 5000000 18 1.0 0.2 0.375
32 2000 5000000 20 1.0 0.2 0.375
32 2000 5000000 22 1.0 0.2 0.375
32 2000 5000000 24 1.0 0.2 0.375
32 2000 5000000 26 1.0 0.2 0.375
32 2000 5000000 28 1.0 0.2 0.375
32 2000 5000000 30 1.0 0.2 0.375
32 2000 5000000 32 1.0 0.2 0.375
32 2000 5000000 2 1.0 0.2 -0.375
32 2000 5000000 4 1.0 0.2 -0.375
32 2000 5000000 6 1.0 0.2 -0.375
32 2000 5000000 8 1.0 0.2 -0.375
32 2000 5000000 10 1.0 0.2 -0.875
32 2000 5000000 12 1.0 0.2 -0.875
32 2000 5000000 14 1.0 0.2 -0.875
32 2000 5000000 16 1.0 0.2 -0.875
32 2000 5000000 18 1.0 0.2 -0.875
32 2000 5000000 20 1.0 0.2 -0.875
32 2000 5000000 22 1.0 0.2 -0.875
32 2000 5000000 24 1.0 0.2 -0.875
32 2000 5000000 26 1.0 0.2 -0.875
32 2000 5000000 28 1.0 0.2 -0.875
32 2000 5000000 30 1.0 0.2 -0.875
32 2000 5000000 32 1.0 0.2 -0.875
32 2000 5000000 2 1.0 0.2 0.875
32 2000 5000000 4 1.0 0.2 0.875
32 2000 5000000 6 1.0 0.2 0.875
32 2000 5000000 8 1.0 0.2 0.875
32 2000 5000000 10 1.0 0.2 0.875
32 2000 5000000 12 1.0 0.2 0.875
32 2000 5000000 14 1.0 0.2 0.875
32 2000 5000000 16 1.0 0.2 0.875
32 2000 5000000 18 1.0 0.2 0.875
32 2000 5000000 20 1.0 0.2 0.875
32 2000 5000000 22 1.0 0.2 0.875
32 2000 5000000 24 1.0 0.2 0.875
32 2000 5000000 26 1.0 0.2 0.875
32 2000 5000000 28 1.0 0.2 0.875
32 2000 5000000 30 1.0 0.2 0.875
32 2000 5000000 32 1.0 0.2 0.875
32 2000 5000000 2 1.0 0.2 0.625
32 2000 5000000 4 1.0 0.2 0.625
32 2000 5000000 6 1.0 0.2 0.625
32 2000 5000000 8 1.0 0.2 0.625
32 2000 5000000 10 1.0 0.2 0.625
32 2000 5000000 12 1.0 0.2 0.625
32 2000 5000000 14 1.0 0.2 0.625
32 2000 5000000 16 1.0 0.2 0.625
32 2000 5000000 18 1.0 0.2 0.625
32 2000 5000000 20 1.0 0.2 0.625
32 2000 5000000 22 1.0 0.2 0.625
32 2000 5000000 24 1.0 0.2 0.625
32 2000 5000000 26 1.0 0.2 0.625
32 2000 5000000 28 1.0 0.2 0.625
32 2000 5000000 30 1.0 0.2 0.625
32 2000 5000000 32 1.0 0.2 0.625
32 2000 5000000 2 1.0 0.2 -0.125
32 2000 5000000 4 1.0 0.2 -0.125
32 2000 5000000 6 1.0 0.2 -0.125
32 2000 5000000 8 1.0 0.2 -0.125
32 2000 5000000 10 1.0 0.2 -0.125
32 2000 5000000 12 1.0 0.2 -0.125
32 2000 5000000 14 1.0 0.2 -0.125
32 2000 5000000 16 1.0 0.2 -0.125
32 2000 5000000 18 1.0 0.2 -0.125
32 2000 5000000 20 1.0 0.2 -0.125
32 2000 5000000 22 1.0 0.2 -0.125
32 2000 5000000 24 1.0 0.2 -0.125
32 2000 5000000 26 1.0 0.2 -0.125
32 2000 5000000 28 1.0 0.2 -0.125
32 2000 5000000 30 1.0 0.2 -0.125
32 2000 5000000 32 1.0 0.2 -0.125
32 2000 5000000 2 1.0 0.2 0.125
32 2000 5000000 4 1.0 0.2 0.125
32 2000 5000000 6 1.0 0.2 0.125
32 2000 5000000 8 1.0 0.2 0.125
32 2000 5000000 10 1.0 0.2 0.125
32 2000 5000000 12 1.0 0.2 0.125
32 2000 5000000 14 1.0 0.2 0.125
32 2000 5000000 16 1.0 0.2 0.125
32 2000 5000000 18 1.0 0.2 0.125
32 2000 5000000 20 1.0 0.2 0.125
32 2000 5000000 22 1.0 0.2 0.125
32 2000 5000000 24 1.0 0.2 0.125
32 2000 5000000 26 1.0 0.2 0.125
32 2000 5000000 28 1.0 0.2 0.125
32 2000 5000000 30 1.0 0.2 0.125
32 2000 5000000 32 1.0 0.2 0.125