32 500 5000000 2 1.0 0.2 0.0
32 500 5000000 4 1.0 0.2 0.0
32 500 5000000 6 1.0 0.2 0.0
32 500 5000000 8 1.0 0.2 0.0
32 500 5000000 10 1.0 0.2 0.0
32 500 5000000 12 1.0 0.2 0.0
32 500 5000000 14 1.0 0.2 0.0
32 500 5000000 16 1.0 0.2 0.0
32 500 5000000 18 1.0 0.2 0.0
32 500 5000000 20 1.0 0.2 0.0
32 500 5000000 22 1.0 0.2 0.0
32 500 5000000 24 1.0 0.2 0.0
32 500 5000000 26 1.0 0.2 0.0
32 500 5000000 28 1.0 0.2 0.0
32 500 5000000 30 1.0 0.2 0.0
32 500 5000000 32 1.0 0.2 0.0
32 500 5000000 34 1.0 0.2 0.0
32 500 5000000 36 1.0 0.2 0.0
32 500 5000000 38 1.0 0.2 0.0
32 500 5000000 40 1.0 0.2 0.0
32 500 5000000 42 1.0 0.2 0.0
32 500 5000000 44 1.0 0.2 0.0
32 500 5000000 46 1.0 0.2 0.0
32 500 5000000 48 1.0 0.2 0.0
32 500 5000000 50 1.0 0.2 0.0
32 500 5000000 2 1.0 0.2 0.5
32 500 5000000 4 1.0 0.2 0.5
32 500 5000000 6 1.0 0.2 0.5
32 500 5000000 8 1.0 0.2 0.5
32 500 5000000 10 1.0 0.2 0.5
32 500 5000000 12 1.0 0.2 0.5
32 500 5000000 14 1.0 0.2 0.5
32 500 5000000 16 1.0 0.2 0.5
32 500 5000000 18 1.0 0.2 0.5
32 500 5000000 20 1.0 0.2 0.5
32 500 5000000 22 1.0 0.2 0.5
32 500 5000000 24 1.0 0.2 0.5
32 500 5000000 26 1.0 0.2 0.5
32 500 5000000 28 1.0 0.2 0.5
32 500 5000000 30 1.0 0.2 0.5
32 500 5000000 32 1.0 0.2 0.5
32 500 5000000 34 1.0 0.2 0.5
32 500 5000000 36 1.0 0.2 0.5
32 500 5000000 38 1.0 0.2 0.5
32 500 5000000 40 1.0 0.2 0.5
32 500 5000000 42 1.0 0.2 0.5
32 500 5000000 44 1.0 0.2 0.5
32 500 5000000 46 1.0 0.2 0.5
32 500 5000000 48 1.0 0.2 0.5
32 500 5000000 50 1.0 0.2 0.5
32 500 5000000 2 1.0 0.2 0.25
32 500 5000000 4 1.0 0.2 0.25
32 500 5000000 6 1.0 0.2 0.25
32 500 5000000 8 1.0 0.2 0.25
32 500 5000000 10 1.0 0.2 0.25
32 500 5000000 12 1.0 0.2 0.25
32 500 5000000 14 1.0 0.2 0.25
32 500 5000000 16 1.0 0.2 0.25
32 500 5000000 18 1.0 0.2 0.25
32 500 5000000 20 1.0 0.2 0.25
32 500 5000000 22 1.0 0.2 0.25
32 500 5000000 24 1.0 0.2 0.25
32 500 5000000 26 1.0 0.2 0.25
32 500 5000000 28 1.0 0.2 0.25
32 500 5000000 30 1.0 0.2 0.25
32 500 5000000 32 1.0 0.2 0.25
32 500 5000000 34 1.0 0.2 0.25
32 500 5000000 36 1.0 0.2 0.25
32 500 5000000 38 1.0 0.2 0.25
32 500 5000000 40 1.0 0.2 0.25
32 500 5000000 42 1.0 0.2 0.25
32 500 5000000 44 1.0 0.2 0.25
32 500 5000000 46 1.0 0.2 0.25
32 500 5000000 48 1.0 0.2 0.25
32 500 5000000 50 1.0 0.2 0.25
32 500 5000000 2 1.0 0.2 0.75
32 500 5000000 4 1.0 0.2 0.75
32 500 5000000 6 1.0 0.2 0.75
32 500 5000000 8 1.0 0.2 0.75
32 500 5000000 10 1.0 0.2 0.75
32 500 5000000 12 1.0 0.2 0.75
32 500 5000000 14 1.0 0.2 0.75
32 500 5000000 16 1.0 0.2 0.75
32 500 5000000 18 1.0 0.2 0.75
32 500 5000000 20 1.0 0.2 0.75
32 500 5000000 22 1.0 0.2 0.75
32 500 5000000 24 1.0 0.2 0.75
32 500 5000000 26 1.0 0.2 0.75
32 500 5000000 28 1.0 0.2 0.75
32 500 5000000 30 1.0 0.2 0.75
32 500 5000000 32 1.0 0.2 0.75
32 500 5000000 34 1.0 0.2 0.75
32 500 5000000 36 1.0 0.2 0.75
32 500 5000000 38 1.0 0.2 0.75
32 500 5000000 40 1.0 0.2 0.75
32 500 5000000 42 1.0 0.2 0.75
32 500 5000000 44 1.0 0.2 0.75
32 500 5000000 46 1.0 0.2 0.75
32 500 5000000 48 1.0 0.2 0.75
32 500 5000000 50 1.0 0.2 0.75
32 500 5000000 2 1.0 0.2 1.0
32 500 5000000 4 1.0 0.2 1.0
32 500 5000000 6 1.0 0.2 1.0
32 500 5000000 8 1.0 0.2 1.0
32 500 5000000 10 1.0 0.2 1.0
32 500 5000000 12 1.0 0.2 1.0
32 500 5000000 14 1.0 0.2 1.0
32 500 5000000 16 1.0 0.2 1.0
32 500 5000000 18 1.0 0.2 1.0
32 500 5000000 20 1.0 0.2 1.0
32 500 5000000 22 1.0 0.2 1.0
32 500 5000000 24 1.0 0.2 1.0
32 500 5000000 26 1.0 0.2 1.0
32 500 5000000 28 1.0 0.2 1.0
32 500 5000000 30 1.0 0.2 1.0
32 500 5000000 32 1.0 0.2 1.0
32 500 5000000 34 1.0 0.2 1.0
32 500 5000000 36 1.0 0.2 1.0
32 500 5000000 38 1.0 0.2 1.0
32 500 5000000 40 1.0 0.2 1.0
32 500 5000000 42 1.0 0.2 1.0
32 500 5000000 44 1.0 0.2 1.0
32 500 5000000 46 1.0 0.2 1.0
32 500 5000000 48 1.0 0.2 1.0
32 500 5000000 50 1.0 0.2 1.0
32 500 5000000 2 1.0 0.2 -0.5
32 500 5000000 4 1.0 0.2 -0.5
32 500 5000000 6 1.0 0.2 -0.5
32 500 5000000 8 1.0 0.2 -0.5
32 500 5000000 10 1.0 0.2 -0.5
32 500 5000000 12 1.0 0.2 -0.5
32 500 5000000 14 1.0 0.2 -0.5
32 500 5000000 16 1.0 0.2 -0.5
32 500 5000000 18 1.0 0.2 -0.5
32 500 5000000 20 1.0 0.2 -0.5
32 500 5000000 22 1.0 0.2 -0.5
32 500 5000000 24 1.0 0.2 -0.5
32 500 5000000 26 1.0 0.2 -0.5
32 500 5000000 28 1.0 0.2 -0.5
32 500 5000000 30 1.0 0.2 -0.5
32 500 5000000 32 1.0 0.2 -0.5
32 500 5000000 34 1.0 0.2 -0.5
32 500 5000000 36 1.0 0.2 -0.5
32 500 5000000 38 1.0 0.2 -0.5
32 500 5000000 40 1.0 0.2 -0.5
32 500 5000000 42 1.0 0.2 -0.5
32 500 5000000 44 1.0 0.2 -0.5
32 500 5000000 46 1.0 0.2 -0.5
32 500 5000000 48 1.0 0.2 -0.5
32 500 5000000 50 1.0 0.2 -0.5
32 500 5000000 2 1.0 0.2 -0.25
32 500 5000000 4 1.0 0.2 -0.25
32 500 5000000 6 1.0 0.2 -0.25
32 500 5000000 8 1.0 0.2 -0.25
32 500 5000000 10 1.0 0.2 -0.25
32 500 5000000 12 1.0 0.2 -0.25
32 500 5000000 14 1.0 0.2 -0.25
32 500 5000000 16 1.0 0.2 -0.25
32 500 5000000 18 1.0 0.2 -0.25
32 500 5000000 20 1.0 0.2 -0.25
32 500 5000000 22 1.0 0.2 -0.25
32 500 5000000 24 1.0 0.2 -0.25
32 500 5000000 26 1.0 0.2 -0.25
32 500 5000000 28 1.0 0.2 -0.25
32 500 5000000 30 1.0 0.2 -0.25
32 500 5000000 32 1.0 0.2 -0.25
32 500 5000000 34 1.0 0.2 -0.25
32 500 5000000 36 1.0 0.2 -0.25
32 500 5000000 38 1.0 0.2 -0.25
32 500 5000000 40 1.0 0.2 -0.25
32 500 5000000 42 1.0 0.2 -0.25
32 500 5000000 44 1.0 0.2 -0.25
32 500 5000000 46 1.0 0.2 -0.25
32 500 5000000 48 1.0 0.2 -0.25
32 500 5000000 50 1.0 0.2 -0.25
32 500 5000000 2 1.0 0.2 -0.75
32 500 5000000 4 1.0 0.2 -0.75
32 500 5000000 6 1.0 0.2 -0.75
32 500 5000000 8 1.0 0.2 -0.75
32 500 5000000 10 1.0 0.2 -0.75
32 500 5000000 12 1.0 0.2 -0.75
32 500 5000000 14 1.0 0.2 -0.75
32 500 5000000 16 1.0 0.2 -0.75
32 500 5000000 18 1.0 0.2 -0.75
32 500 5000000 20 1.0 0.2 -0.75
32 500 5000000 22 1.0 0.2 -0.75
32 500 5000000 24 1.0 0.2 -0.75
32 500 5000000 26 1.0 0.2 -0.75
32 500 5000000 28 1.0 0.2 -0.75
32 500 5000000 30 1.0 0.2 -0.75
32 500 5000000 32 1.0 0.2 -0.75
32 500 5000000 34 1.0 0.2 -0.75
32 500 5000000 36 1.0 0.2 -0.75
32 500 5000000 38 1.0 0.2 -0.75
32 500 5000000 40 1.0 0.2 -0.75
32 500 5000000 42 1.0 0.2 -0.75
32 500 5000000 44 1.0 0.2 -0.75
32 500 5000000 46 1.0 0.2 -0.75
32 500 5000000 48 1.0 0.2 -0.75
32 500 5000000 50 1.0 0.2 -0.75
32 500 5000000 2 1.0 0.2 -1.0
32 500 5000000 4 1.0 0.2 -1.0
32 500 5000000 6 1.0 0.2 -1.0
32 500 5000000 8 1.0 0.2 -1.0
32 500 5000000 10 1.0 0.2 -1.0
32 500 5000000 12 1.0 0.2 -1.0
32 500 5000000 14 1.0 0.2 -1.0
32 500 5000000 16 1.0 0.2 -1.0
32 500 5000000 18 1.0 0.2 -1.0
32 500 5000000 20 1.0 0.2 -1.0
32 500 5000000 22 1.0 0.2 -1.0
32 500 5000000 24 1.0 0.2 -1.0
32 500 5000000 26 1.0 0.2 -1.0
32 500 5000000 28 1.0 0.2 -1.0
32 500 5000000 30 1.0 0.2 -1.0
32 500 5000000 32 1.0 0.2 -1.0
32 500 5000000 34 1.0 0.2 -1.0
32 500 5000000 36 1.0 0.2 -1.0
32 500 5000000 38 1.0 0.2 -1.0
32 500 5000000 40 1.0 0.2 -1.0
32 500 5000000 42 1.0 0.2 -1.0
32 500 5000000 44 1.0 0.2 -1.0
32 500 5000000 46 1.0 0.2 -1.0
32 500 5000000 48 1.0 0.2 -1.0
32 500 5000000 50 1.0 0.2 -1.0
32 500 5000000 2 1.0 0.2 -2.0
32 500 5000000 4 1.0 0.2 -2.0
32 500 5000000 6 1.0 0.2 -2.0
32 500 5000000 8 1.0 0.2 -2.0
32 500 5000000 10 1.0 0.2 -2.0
32 500 5000000 12 1.0 0.2 -2.0
32 500 5000000 14 1.0 0.2 -2.0
32 500 5000000 16 1.0 0.2 -2.0
32 500 5000000 18 1.0 0.2 -2.0
32 500 5000000 20 1.0 0.2 -2.0
32 500 5000000 22 1.0 0.2 -2.0
32 500 5000000 24 1.0 0.2 -2.0
32 500 5000000 26 1.0 0.2 -2.0
32 500 5000000 28 1.0 0.2 -2.0
32 500 5000000 30 1.0 0.2 -2.0
32 500 5000000 32 1.0 0.2 -2.0
32 500 5000000 34 1.0 0.2 -2.0
32 500 5000000 36 1.0 0.2 -2.0
32 500 5000000 38 1.0 0.2 -2.0
32 500 5000000 40 1.0 0.2 -2.0
32 500 5000000 42 1.0 0.2 -2.0
32 500 5000000 44 1.0 0.2 -2.0
32 500 5000000 46 1.0 0.2 -2.0
32 500 5000000 48 1.0 0.2 -2.0
32 500 5000000 50 1.0 0.2 -2.0
32 500 5000000 2 1.0 0.2 -1.5
32 500 5000000 4 1.0 0.2 -1.5
32 500 5000000 6 1.0 0.2 -1.5
32 500 5000000 8 1.0 0.2 -1.5
32 500 5000000 10 1.0 0.2 -1.5
32 500 5000000 12 1.0 0.2 -1.5
32 500 5000000 14 1.0 0.2 -1.5
32 500 5000000 16 1.0 0.2 -1.5
32 500 5000000 18 1.0 0.2 -1.5
32 500 5000000 20 1.0 0.2 -1.5
32 500 5000000 22 1.0 0.2 -1.5
32 500 5000000 24 1.0 0.2 -1.5
32 500 5000000 26 1.0 0.2 -1.5
32 500 5000000 28 1.0 0.2 -1.5
32 500 5000000 30 1.0 0.2 -1.5
32 500 5000000 32 1.0 0.2 -1.5
32 500 5000000 34 1.0 0.2 -1.5
32 500 5000000 36 1.0 0.2 -1.5
32 500 5000000 38 1.0 0.2 -1.5
32 500 5000000 40 1.0 0.2 -1.5
32 500 5000000 42 1.0 0.2 -1.5
32 500 5000000 44 1.0 0.2 -1.5
32 500 5000000 46 1.0 0.2 -1.5
32 500 5000000 48 1.0 0.2 -1.5
32 500 5000000 50 1.0 0.2 -1.5
32 500 5000000 2 1.0 0.2 1.5
32 500 5000000 4 1.0 0.2 1.5
32 500 5000000 6 1.0 0.2 1.5
32 500 5000000 8 1.0 0.2 1.5
32 500 5000000 10 1.0 0.2 1.5
32 500 5000000 12 1.0 0.2 1.5
32 500 5000000 14 1.0 0.2 1.5
32 500 5000000 16 1.0 0.2 1.5
32 500 5000000 18 1.0 0.2 1.5
32 500 5000000 20 1.0 0.2 1.5
32 500 5000000 22 1.0 0.2 1.5
32 500 5000000 24 1.0 0.2 1.5
32 500 5000000 26 1.0 0.2 1.5
32 500 5000000 28 1.0 0.2 1.5
32 500 5000000 30 1.0 0.2 1.5
32 500 5000000 32 1.0 0.2 1.5
32 500 5000000 34 1.0 0.2 1.5
32 500 5000000 36 1.0 0.2 1.5
32 500 5000000 38 1.0 0.2 1.5
32 500 5000000 40 1.0 0.2 1.5
32 500 5000000 42 1.0 0.2 1.5
32 500 5000000 44 1.0 0.2 1.5
32 500 5000000 46 1.0 0.2 1.5
32 500 5000000 48 1.0 0.2 1.5
32 500 5000000 50 1.0 0.2 1.5
32 500 5000000 2 1.0 0.2 2.0
32 500 5000000 4 1.0 0.2 2.0
32 500 5000000 6 1.0 0.2 2.0
32 500 5000000 8 1.0 0.2 2.0
32 500 5000000 10 1.0 0.2 2.0
32 500 5000000 12 1.0 0.2 2.0
32 500 5000000 14 1.0 0.2 2.0
32 500 5000000 16 1.0 0.2 2.0
32 500 5000000 18 1.0 0.2 2.0
32 500 5000000 20 1.0 0.2 2.0
32 500 5000000 22 1.0 0.2 2.0
32 500 5000000 24 1.0 0.2 2.0
32 500 5000000 26 1.0 0.2 2.0
32 500 5000000 28 1.0 0.2 2.0
32 500 5000000 30 1.0 0.2 2.0
32 500 5000000 32 1.0 0.2 2.0
32 500 5000000 34 1.0 0.2 2.0
32 500 5000000 36 1.0 0.2 2.0
32 500 5000000 38 1.0 0.2 2.0
32 500 5000000 40 1.0 0.2 2.0
32 500 5000000 42 1.0 0.2 2.0
32 500 5000000 44 1.0 0.2 2.0
32 500 5000000 46 1.0 0.2 2.0
32 500 5000000 48 1.0 0.2 2.0
32 500 5000000 50 1.0 0.2 2.0
32 500 5000000 2 1.0 0.2 -1.25
32 500 5000000 4 1.0 0.2 -1.25
32 500 5000000 6 1.0 0.2 -1.25
32 500 5000000 8 1.0 0.2 -1.25
32 500 5000000 10 1.0 0.2 -1.25
32 500 5000000 12 1.0 0.2 -1.25
32 500 5000000 14 1.0 0.2 -1.25
32 500 5000000 16 1.0 0.2 -1.25
32 500 5000000 18 1.0 0.2 -1.25
32 500 5000000 20 1.0 0.2 -1.25
32 500 5000000 22 1.0 0.2 -1.25
32 500 5000000 24 1.0 0.2 -1.25
32 500 5000000 26 1.0 0.2 -1.25
32 500 5000000 28 1.0 0.2 -1.25
32 500 5000000 30 1.0 0.2 -1.25
32 500 5000000 32 1.0 0.2 -1.25
32 500 5000000 34 1.0 0.2 -1.25
32 500 5000000 36 1.0 0.2 -1.25
32 500 5000000 38 1.0 0.2 -1.25
32 500 5000000 40 1.0 0.2 -1.25
32 500 5000000 42 1.0 0.2 -1.25
32 500 5000000 44 1.0 0.2 -1.25
32 500 5000000 46 1.0 0.2 -1.25
32 500 5000000 48 1.0 0.2 -1.25
32 500 5000000 50 1.0 0.2 -1.25
32 500 5000000 2 1.0 0.2 1.25
32 500 5000000 4 1.0 0.2 1.25
32 500 5000000 6 1.0 0.2 1.25
32 500 5000000 8 1.0 0.2 1.25
32 500 5000000 10 1.0 0.2 1.25
32 500 5000000 12 1.0 0.2 1.25
32 500 5000000 14 1.0 0.2 1.25
32 500 5000000 16 1.0 0.2 1.25
32 500 5000000 18 1.0 0.2 1.25
32 500 5000000 20 1.0 0.2 1.25
32 500 5000000 22 1.0 0.2 1.25
32 500 5000000 24 1.0 0.2 1.25
32 500 5000000 26 1.0 0.2 1.25
32 500 5000000 28 1.0 0.2 1.25
32 500 5000000 30 1.0 0.2 1.25
32 500 5000000 32 1.0 0.2 1.25
32 500 5000000 34 1.0 0.2 1.25
32 500 5000000 36 1.0 0.2 1.25
32 500 5000000 38 1.0 0.2 1.25
32 500 5000000 40 1.0 0.2 1.25
32 500 5000000 42 1.0 0.2 1.25
32 500 5000000 44 1.0 0.2 1.25
32 500 5000000 46 1.0 0.2 1.25
32 500 5000000 48 1.0 0.2 1.25
32 500 5000000 50 1.0 0.2 1.25